   0.0000000000000000        19354.699034213361     
   1.0010010010010010E-003   19182.610230450362     
   2.0020020020020020E-003   19011.516552141267     
   3.0030030030030030E-003   18841.417921332282     
   4.0040040040040040E-003   18672.314208113981     
   5.0050050050050050E-003   18504.205230641659     
   6.0060060060060060E-003   18337.090755163827     
   7.0070070070070069E-003   18170.970496058799     
   8.0080080080080079E-003   18005.844115879441     
   9.0090090090090089E-003   17841.711225405987     
   1.0010010010010010E-002   17678.571383706971     
   1.1011011011011011E-002   17516.424098208205     
   1.2012012012012012E-002   17355.268824769850     
   1.3013013013013013E-002   17195.104967771495     
   1.4014014014014014E-002   17035.931880205262     
   1.5015015015015015E-002   16877.748863776887     
   1.6016016016016016E-002   16720.555169014806     
   1.7017017017017015E-002   16564.349995387114     
   1.8018018018018018E-002   16409.132491426488     
   1.9019019019019021E-002   16254.901754862945     
   2.0020020020020020E-002   16101.656832764449     
   2.1021021021021019E-002   15949.396721685327     
   2.2022022022022022E-002   15798.120367822436     
   2.3023023023023025E-002   15647.826667179064     
   2.4024024024024024E-002   15498.514465736498     
   2.5025025025025023E-002   15350.182559633233     
   2.6026026026026026E-002   15202.829695351787     
   2.7027027027027029E-002   15056.454569913029     
   2.8028028028028028E-002   14911.055831078002     
   2.9029029029029027E-002   14766.632077557215     
   3.0030030030030030E-002   14623.181859227281     
   3.1031031031031032E-002   14480.703677354901     
   3.2032032032032032E-002   14339.195984828139     
   3.3033033033033031E-002   14198.657186394845     
   3.4034034034034030E-002   14059.085638908316     
   3.5035035035035036E-002   13920.479651579975     
   3.6036036036036036E-002   13782.837486239105     
   3.7037037037037035E-002   13646.157357599528     
   3.8038038038038041E-002   13510.437433533181     
   3.9039039039039040E-002   13375.675835350496     
   4.0040040040040040E-002   13241.870638087546     
   4.1041041041041039E-002   13109.019870799839     
   4.2042042042042038E-002   12977.121516862737     
   4.3043043043043044E-002   12846.173514278384     
   4.4044044044044044E-002   12716.173755989079     
   4.5045045045045043E-002   12587.120090197011     
   4.6046046046046049E-002   12459.010320690288     
   4.7047047047047048E-002   12331.842207175170     
   4.8048048048048048E-002   12205.613465614402     
   4.9049049049049047E-002   12080.321768571586     
   5.0050050050050046E-002   11955.964745561534     
   5.1051051051051052E-002   11832.539983406423     
   5.2052052052052052E-002   11710.045026597769     
   5.3053053053053051E-002   11588.477377664036     
   5.4054054054054057E-002   11467.834497543887     
   5.5055055055055056E-002   11348.113805964891     
   5.6056056056056056E-002   11229.312681827607     
   5.7057057057057055E-002   11111.428463595070     
   5.8058058058058054E-002   10994.458449687365     
   5.9059059059059060E-002   10878.399898881391     
   6.0060060060060060E-002   10763.250030715644     
   6.1061061061061059E-002   10649.006025899847     
   6.2062062062062065E-002   10535.665026729461     
   6.3063063063063057E-002   10423.224137504883     
   6.4064064064064064E-002   10311.680424955233     
   6.5065065065065070E-002   10201.030918666700     
   6.6066066066066062E-002   10091.272611515229     
   6.7067067067067068E-002   9982.4024601035562     
   6.8068068068068061E-002   9874.4173852024196     
   6.9069069069069067E-002   9767.3142721958247     
   7.0070070070070073E-002   9661.0899715303531     
   7.1071071071071065E-002   9555.7412991682795     
   7.2072072072072071E-002   9451.2650370444971     
   7.3073073073073078E-002   9347.6579335270690     
   7.4074074074074070E-002   9244.9167038813357     
   7.5075075075075076E-002   9143.0380307374653     
   7.6076076076076082E-002   9042.0185645612964     
   7.7077077077077075E-002   8941.8549241284436     
   7.8078078078078081E-002   8842.5436970014562     
   7.9079079079079073E-002   8744.0814400100062     
   8.0080080080080079E-002   8646.4646797339192     
   8.1081081081081086E-002   8549.6899129889971     
   8.2082082082082078E-002   8453.7536073155097     
   8.3083083083083084E-002   8358.6522014691509     
   8.4084084084084076E-002   8264.3821059145266     
   8.5085085085085083E-002   8170.9397033208825     
   8.6086086086086089E-002   8078.3213490600492     
   8.7087087087087081E-002   7986.5233717065021     
   8.8088088088088087E-002   7895.5420735393509     
   8.9089089089089094E-002   7805.3737310462420     
   9.0090090090090086E-002   7716.0145954289537     
   9.1091091091091092E-002   7627.4608931106677     
   9.2092092092092098E-002   7539.7088262447469     
   9.3093093093093091E-002   7452.7545732249173     
   9.4094094094094097E-002   7366.5942891967279     
   9.5095095095095089E-002   7281.2241065702592     
   9.6096096096096095E-002   7196.6401355338021     
   9.7097097097097101E-002   7112.8384645685810     
   9.8098098098098094E-002   7029.8151609642773     
   9.9099099099099100E-002   6947.5662713352813     
  0.10010010010010009        6866.0878221376179     
  0.10110110110110110        6785.3758201862993     
  0.10210210210210210        6705.4262531731692     
  0.10310310310310310        6626.2350901849795     
  0.10410410410410410        6547.7982822216509     
  0.10510510510510511        6470.1117627146468     
  0.10610610610610610        6393.1714480452683     
  0.10710710710710711        6316.9732380628238     
  0.10810810810810811        6241.5130166025501     
  0.10910910910910911        6166.7866520031721     
  0.11011011011011011        6092.7899976239960     
  0.11111111111111110        6019.5188923614469     
  0.11211211211211211        5946.9691611649141     
  0.11311311311311312        5875.1366155518426     
  0.11411411411411411        5804.0170541219322     
  0.11511511511511512        5733.6062630703555     
  0.11611611611611611        5663.9000166998940     
  0.11711711711711711        5594.8940779318882     
  0.11811811811811812        5526.5841988159445     
  0.11911911911911911        5458.9661210381873     
  0.12012012012012012        5392.0355764281067     
  0.12112112112112113        5325.7882874637799     
  0.12212212212212212        5260.2199677754561     
  0.12312312312312312        5195.3263226473646     
  0.12412412412412413        5131.1030495176601     
  0.12512512512512514        5067.5458384764361     
  0.12612612612612611        5004.6503727616600     
  0.12712712712712712        4942.4123292530376     
  0.12812812812812813        4880.8273789635805     
  0.12912912912912913        4819.8911875289414     
  0.13013013013013014        4759.5994156943070     
  0.13113113113113112        4699.9477197988090     
  0.13213213213213212        4640.9317522574020     
  0.13313313313313313        4582.5471620400758     
  0.13413413413413414        4524.7895951483197     
  0.13513513513513514        4467.6546950888169     
  0.13613613613613612        4411.1381033442276     
  0.13713713713713713        4355.2354598409765     
  0.13813813813813813        4299.9424034140666     
  0.13913913913913914        4245.2545722687046     
  0.14014014014014015        4191.1676044387787     
  0.14114114114114115        4137.6771382420357     
  0.14214214214214213        4084.7788127319654     
  0.14314314314314314        4032.4682681462236     
  0.14414414414414414        3980.7411463516364     
  0.14514514514514515        3929.5930912856111     
  0.14614614614614616        3879.0197493939786     
  0.14714714714714713        3829.0167700651627     
  0.14814814814814814        3779.5798060605530     
  0.14914914914914915        3730.7045139411885     
  0.15015015015015015        3682.3865544904875     
  0.15115115115115116        3634.6215931331189     
  0.15215215215215216        3587.4053003498921     
  0.15315315315315314        3540.7333520885859     
  0.15415415415415415        3494.6014301707664     
  0.15515515515515516        3449.0052226943944     
  0.15615615615615616        3403.9404244323205     
  0.15715715715715717        3359.4027372264791     
  0.15815815815815815        3315.3878703778701     
  0.15915915915915915        3271.8915410321324     
  0.16016016016016016        3228.9094745608272     
  0.16116116116116116        3186.4374049382532     
  0.16216216216216217        3144.4710751138127     
  0.16316316316316315        3103.0062373798910     
  0.16416416416416416        3062.0386537351769     
  0.16516516516516516        3021.5640962434418     
  0.16616616616616617        2981.5783473876581     
  0.16716716716716717        2942.0772004195369     
  0.16816816816816815        2903.0564597043140     
  0.16916916916916916        2864.5119410608841     
  0.17017017017017017        2826.4394720971695     
  0.17117117117117117        2788.8348925407208     
  0.17217217217217218        2751.6940545645257     
  0.17317317317317318        2715.0128231079952     
  0.17417417417417416        2678.7870761931154     
  0.17517517517517517        2643.0127052357011     
  0.17617617617617617        2607.6856153518029     
  0.17717717717717718        2572.8017256591747     
  0.17817817817817819        2538.3569695738306     
  0.17917917917917917        2504.3472951016392     
  0.18018018018018017        2470.7686651249896     
  0.18118118118118118        2437.6170576844543     
  0.18218218218218218        2404.8884662554983     
  0.18318318318318319        2372.5789000201612     
  0.18418418418418420        2340.6843841337468     
  0.18518518518518517        2309.2009599865214     
  0.18618618618618618        2278.1246854603414     
  0.18718718718718719        2247.4516351803086     
  0.18818818818818819        2217.1779007613623     
  0.18918918918918920        2187.2995910498475     
  0.19019019019019018        2157.8128323600467     
  0.19119119119119118        2128.7137687056875     
  0.19219219219219219        2099.9985620263988     
  0.19319319319319320        2071.6633924091593     
  0.19419419419419420        2043.7044583046918     
  0.19519519519519518        2016.1179767388667     
  0.19619619619619619        1988.9001835190566     
  0.19719719719719719        1962.0473334355120     
  0.19819819819819820        1935.5557004577249     
  0.19919919919919921        1909.4215779257993     
  0.20020020020020018        1883.6412787368490     
  0.20120120120120119        1858.2111355264269     
  0.20220220220220220        1833.1275008450102     
  0.20320320320320320        1808.3867473295413     
  0.20420420420420421        1783.9852678700345     
  0.20520520520520522        1759.9194757713058     
  0.20620620620620619        1736.1858049098018     
  0.20720720720720720        1712.7807098855328     
  0.20820820820820821        1689.7006661692212     
  0.20920920920920921        1666.9421702445616     
  0.21021021021021022        1644.5017397457123     
  0.21121121121121120        1622.3759135899963     
  0.21221221221221220        1600.5612521058365     
  0.21321321321321321        1579.0543371559706     
  0.21421421421421422        1557.8517722559582     
  0.21521521521521522        1536.9501826880150     
  0.21621621621621623        1516.3462156101705     
  0.21721721721721721        1496.0365401608442     
  0.21821821821821821        1476.0178475587927     
  0.21921921921921922        1456.2868511985243     
  0.22022022022022023        1436.8402867411542     
  0.22122122122122123        1417.6749122007986     
  0.22222222222222221        1398.7875080264803     
  0.22322322322322322        1380.1748771795901     
  0.22422422422422422        1361.8338452069947     
  0.22522522522522523        1343.7612603097441     
  0.22622622622622623        1325.9539934074819     
  0.22722722722722721        1308.4089381985468     
  0.22822822822822822        1291.1230112158310     
  0.22922922922922923        1274.0931518784482     
  0.23023023023023023        1257.3163225391922     
  0.23123123123123124        1240.7895085278742     
  0.23223223223223222        1224.5097181905949     
  0.23323323323323322        1208.4739829249133     
  0.23423423423423423        1192.6793572110523     
  0.23523523523523523        1177.1229186390988     
  0.23623623623623624        1161.8017679322902     
  0.23723723723723725        1146.7130289664178     
  0.23823823823823823        1131.8538487853921     
  0.23923923923923923        1117.2213976129847     
  0.24024024024024024        1102.8128688608531     
  0.24124124124124124        1088.6254791328320     
  0.24224224224224225        1074.6564682255575     
  0.24324324324324323        1060.9030991254958     
  0.24424424424424424        1047.3626580023711     
  0.24524524524524524        1034.0324541990908     
  0.24624624624624625        1020.9098202181722     
  0.24724724724724725        1007.9921117047329     
  0.24824824824824826        995.27670742613009     
  0.24924924924924924        982.76100924821458     
  0.25025025025025027        970.44244210830630     
  0.25125125125125125        958.31845398495443     
  0.25225225225225223        946.38651586447304     
  0.25325325325325326        934.64412170432524     
  0.25425425425425424        923.08878839343561     
  0.25525525525525528        911.71805570942570     
  0.25625625625625625        900.52948627286969     
  0.25725725725725723        889.52066549858091     
  0.25825825825825827        878.68920154400394     
  0.25925925925925924        868.03272525475177     
  0.26026026026026028        857.54889010733359     
  0.26126126126126126        847.23537214913586     
  0.26226226226226224        837.08986993569351     
  0.26326326326326327        827.11010446529235     
  0.26426426426426425        817.29381911098881     
  0.26526526526526528        807.63877955005046     
  0.26626626626626626        798.14277369090360     
  0.26726726726726724        788.80361159760378     
  0.26826826826826827        779.61912541191759     
  0.26926926926926925        770.58716927303703     
  0.27027027027027029        761.70561923497371     
  0.27127127127127126        752.97237318170528     
  0.27227227227227224        744.38535074009678     
  0.27327327327327328        735.94249319067012     
  0.27427427427427425        727.64176337625986     
  0.27527527527527529        719.48114560858221     
  0.27627627627627627        711.45864557281357     
  0.27727727727727730        703.57229023018317     
  0.27827827827827828        695.82012771865493     
  0.27927927927927926        688.20022725172566     
  0.28028028028028029        680.71067901540937     
  0.28128128128128127        673.34959406344205     
  0.28228228228228230        666.11510421074217     
  0.28328328328328328        659.00536192521918     
  0.28428428428428426        652.01854021791382     
  0.28528528528528529        645.15283253156690     
  0.28628628628628627        638.40645262764383     
  0.28728728728728731        631.77763447186248     
  0.28828828828828829        625.26463211826331     
  0.28928928928928926        618.86571959188359     
  0.29029029029029030        612.57919077006409     
  0.29129129129129128        606.40335926244552     
  0.29229229229229231        600.33655828969358     
  0.29329329329329329        594.37714056099867     
  0.29429429429429427        588.52347815038183     
  0.29529529529529530        582.77396237187895     
  0.29629629629629628        577.12700365362139     
  0.29729729729729731        571.58103141085780     
  0.29829829829829829        566.13449391797417     
  0.29929929929929927        560.78585817953876     
  0.30030030030030030        555.53360980042316     
  0.30130130130130128        550.37625285503873     
  0.30230230230230232        545.31230975572112     
  0.30330330330330330        540.34032112032151     
  0.30430430430430433        535.45884563901996     
  0.30530530530530531        530.66645994042096     
  0.30630630630630629        525.96175845697189     
  0.30730730730730732        521.34335328970610     
  0.30830830830830830        516.80987407241059     
  0.30930930930930933        512.35996783519818     
  0.31031031031031031        507.99229886756189     
  0.31131131131131129        503.70554858091350     
  0.31231231231231232        499.49841537068050     
  0.31331331331331330        495.36961447796807     
  0.31431431431431434        491.31787785083611     
  0.31531531531531531        487.34195400521594     
  0.31631631631631629        483.44060788551155     
  0.31731731731731733        479.61262072491786     
  0.31831831831831831        475.85678990548354     
  0.31931931931931934        472.17192881795449     
  0.32032032032032032        468.55686672143338     
  0.32132132132132130        465.01044860287971     
  0.32232232232232233        461.53153503649719     
  0.32332332332332331        458.11900204302265     
  0.32432432432432434        454.77174094895349     
  0.32532532532532532        451.48865824574727     
  0.32632632632632630        448.26867544902302     
  0.32732732732732733        445.11072895778477     
  0.32832832832832831        442.01376991370898     
  0.32932932932932935        438.97676406051039     
  0.33033033033033032        435.99869160342496     
  0.33133133133133130        433.07854706883234     
  0.33233233233233234        430.21533916404655     
  0.33333333333333331        427.40809063729660     
  0.33433433433433435        424.65583813792568     
  0.33533533533533533        421.95763207683729     
  0.33633633633633631        419.31253648720985     
  0.33733733733733734        416.71962888550070     
  0.33833833833833832        414.17800013276951     
  0.33933933933933935        411.68675429633879     
  0.34034034034034033        409.24500851182222     
  0.34134134134134136        406.85189284553167     
  0.34234234234234234        404.50655015729251     
  0.34334334334334332        402.20813596368907     
  0.34434434434434436        399.95581830175570     
  0.34534534534534533        397.74877759313847     
  0.34634634634634637        395.58620650874286     
  0.34734734734734735        393.46730983389455     
  0.34834834834834832        391.39130433401840     
  0.34934934934934936        389.35741862087343     
  0.35035035035035034        387.36489301934319     
  0.35135135135135137        385.41297943480629     
  0.35235235235235235        383.50094122111022     
  0.35335335335335333        381.62805304915435     
  0.35435435435435436        379.79360077610670     
  0.35535535535535534        377.99688131526102     
  0.35635635635635637        376.23720250656061     
  0.35735735735735735        374.51388298779398     
  0.35835835835835833        372.82625206648288     
  0.35935935935935936        371.17364959247152     
  0.36036036036036034        369.55542583123554     
  0.36136136136136138        367.97094133791586     
  0.36236236236236236        366.41956683210560     
  0.36336336336336333        364.90068307337754     
  0.36436436436436437        363.41368073758906     
  0.36536536536536535        361.95796029396172     
  0.36636636636636638        360.53293188294492     
  0.36736736736736736        359.13801519488493     
  0.36836836836836839        357.77263934949912     
  0.36936936936936937        356.43624277616965     
  0.37037037037037035        355.12827309506343     
  0.37137137137137138        353.84818699909192     
  0.37237237237237236        352.59545013671504     
  0.37337337337337340        351.36953699559541     
  0.37437437437437437        350.16993078711812     
  0.37537537537537535        348.99612333177487     
  0.37637637637637639        347.84761494542664     
  0.37737737737737737        346.72391432644622     
  0.37837837837837840        345.62453844374926     
  0.37937937937937938        344.54901242571992     
  0.38038038038038036        343.49686945003617     
  0.38138138138138139        342.46765063440057     
  0.38238238238238237        341.46090492817854     
  0.38338338338338340        340.47618900495286     
  0.38438438438438438        339.51306715599793     
  0.38538538538538536        338.57111118467424     
  0.38638638638638639        337.64990030174852     
  0.38738738738738737        336.74902102164657     
  0.38838838838838841        335.86806705963488     
  0.38938938938938938        335.00663922993897     
  0.39039039039039036        334.16434534480118     
  0.39139139139139140        333.34080011447162     
  0.39239239239239238        332.53562504814880     
  0.39339339339339341        331.74844835585611     
  0.39439439439439439        330.97890485126692     
  0.39539539539539537        330.22663585547195     
  0.39639639639639640        329.49128910169583     
  0.39739739739739738        328.77251864095422     
  0.39839839839839841        328.06998474866293     
  0.39939939939939939        327.38335383219334     
  0.40040040040040037        326.71229833936940     
  0.40140140140140140        326.05649666791282     
  0.40240240240240238        325.41563307583732     
  0.40340340340340342        324.78939759277796     
  0.40440440440440439        324.17748593227014     
  0.40540540540540543        323.57959940497074     
  0.40640640640640641        322.99544483281011     
  0.40740740740740738        322.42473446409298     
  0.40840840840840842        321.86718588952590     
  0.40940940940940940        321.32252195918579     
  0.41041041041041043        320.79047070041281     
  0.41141141141141141        320.27076523663652     
  0.41241241241241239        319.76314370712385     
  0.41341341341341342        319.26734918765351     
  0.41441441441441440        318.78312961210770     
  0.41541541541541543        318.31023769497801     
  0.41641641641641641        317.84843085478843     
  0.41741741741741739        317.39747113842236     
  0.41841841841841843        316.95712514636017     
  0.41941941941941940        316.52716395881129     
  0.42042042042042044        316.10736306274845     
  0.42142142142142142        315.69750227983354     
  0.42242242242242239        315.29736569522879     
  0.42342342342342343        314.90674158729632     
  0.42442442442442441        314.52542235817327     
  0.42542542542542544        314.15320446522225     
  0.42642642642642642        313.78988835335110     
  0.42742742742742740        313.43527838819847     
  0.42842842842842843        313.08918279017576     
  0.42942942942942941        312.75141356936479     
  0.43043043043043044        312.42178646126376     
  0.43143143143143142        312.10012086337701     
  0.43243243243243246        311.78623977264022     
  0.43343343343343343        311.47996972368026     
  0.43443443443443441        311.18114072789814     
  0.43543543543543545        310.88958621337594     
  0.43643643643643643        310.60514296559370     
  0.43743743743743746        310.32765106895977     
  0.43843843843843844        310.05695384913918     
  0.43943943943943942        309.79289781617979     
  0.44044044044044045        309.53533260843108     
  0.44144144144144143        309.28411093724083     
  0.44244244244244246        309.03908853243558     
  0.44344344344344344        308.80012408856811     
  0.44444444444444442        308.56707921193077     
  0.44544544544544545        308.33981836832697     
  0.44644644644644643        308.11820883159481     
  0.44744744744744747        307.90212063287447     
  0.44844844844844844        307.69142651061475     
  0.44944944944944942        307.48600186131176     
  0.45045045045045046        307.28572469097253     
  0.45145145145145144        307.09047556729570     
  0.45245245245245247        306.90013757256497     
  0.45345345345345345        306.71459625724833     
  0.45445445445445443        306.53373959429211     
  0.45545545545545546        306.35745793410968     
  0.45645645645645644        306.18564396025243     
  0.45745745745745747        306.01819264575846     
  0.45845845845845845        305.85500121017168     
  0.45945945945945943        305.69596907722655     
  0.46046046046046046        305.54099783318566     
  0.46146146146146144        305.38999118583126     
  0.46246246246246248        305.24285492409712     
  0.46346346346346345        305.09949687833762     
  0.46446446446446443        304.95982688122535     
  0.46546546546546547        304.82375672927117     
  0.46646646646646645        304.69120014495985     
  0.46746746746746748        304.56207273949366     
  0.46846846846846846        304.43629197613780     
  0.46946946946946949        304.31377713415986     
  0.47047047047047047        304.19444927335792     
  0.47147147147147145        304.07823119916912     
  0.47247247247247248        303.96504742835248     
  0.47347347347347346        303.85482415523791     
  0.47447447447447449        303.74748921853757     
  0.47547547547547547        303.64297206870941     
  0.47647647647647645        303.54120373586784     
  0.47747747747747749        303.44211679823502     
  0.47847847847847846        303.34564535112520     
  0.47947947947947950        303.25172497645605     
  0.48048048048048048        303.16029271277978     
  0.48148148148148145        303.07128702582838     
  0.48248248248248249        302.98464777956451     
  0.48348348348348347        302.90031620773436     
  0.48448448448448450        302.81823488591266     
  0.48548548548548548        302.73834770403664     
  0.48648648648648646        302.66059983941909     
  0.48748748748748749        302.58493773023702     
  0.48848848848848847        302.51130904948803     
  0.48948948948948950        302.43966267940840     
  0.49049049049049048        302.36994868634616     
  0.49149149149149146        302.30211829608396     
  0.49249249249249250        302.23612386960428     
  0.49349349349349347        302.17191887929107     
  0.49449449449449451        302.10945788556364     
  0.49549549549549549        302.04869651393244     
  0.49649649649649652        301.98959143247527     
  0.49749749749749750        301.93210032972542     
  0.49849849849849848        301.87618189296552     
  0.49949949949949951        301.82179578692330     
  0.50050050050050054        301.76890263286077     
  0.50150150150150152        301.71746398805311     
  0.50250250250250250        301.66744232565026     
  0.50350350350350348        301.61880101491653     
  0.50450450450450446        301.57150430184089     
  0.50550550550550555        301.52551729011435     
  0.50650650650650653        301.48080592246799     
  0.50750750750750750        301.43733696236501     
  0.50850850850850848        301.39507797604369     
  0.50950950950950946        301.35399731490349     
  0.51051051051051055        301.31406409823069     
  0.51151151151151153        301.27524819625722     
  0.51251251251251251        301.23752021354835     
  0.51351351351351349        301.20085147271232     
  0.51451451451451446        301.16521399842918     
  0.51551551551551555        301.13058050179194     
  0.51651651651651653        301.09692436495538     
  0.51751751751751751        301.06421962608829     
  0.51851851851851849        301.03244096462294     
  0.51951951951951947        301.00156368679814     
  0.52052052052052056        300.97156371149038     
  0.52152152152152154        300.94241755632839     
  0.52252252252252251        300.91410232408646     
  0.52352352352352349        300.88659568935179     
  0.52452452452452447        300.85987588546169     
  0.52552552552552556        300.83392169170526     
  0.52652652652652654        300.80871242078570     
  0.52752752752752752        300.78422790653906     
  0.52852852852852850        300.76044849190350     
  0.52952952952952947        300.73735501713753     
  0.53053053053053056        300.71492880827935     
  0.53153153153153154        300.69315166584687     
  0.53253253253253252        300.67200585377049     
  0.53353353353353350        300.65147408855819     
  0.53453453453453448        300.63153952868538     
  0.53553553553553557        300.61218576420862     
  0.53653653653653655        300.59339680659662     
  0.53753753753753752        300.57515707877673     
  0.53853853853853850        300.55745140539153     
  0.53953953953953948        300.54026500326233     
  0.54054054054054057        300.52358347205609     
  0.54154154154154155        300.50739278515198     
  0.54254254254254253        300.49167928070278     
  0.54354354354354351        300.47642965288964     
  0.54454454454454448        300.46163094336464     
  0.54554554554554557        300.44727053287903     
  0.54654654654654655        300.43333613309267     
  0.54754754754754753        300.41981577856222     
  0.54854854854854851        300.40669781890409     
  0.54954954954954960        300.39397091112920     
  0.55055055055055058        300.38162401214544     
  0.55155155155155156        300.36964637142665     
  0.55255255255255253        300.35802752384234     
  0.55355355355355351        300.34675728264699     
  0.55455455455455460        300.33582573262532     
  0.55555555555555558        300.32522322339003     
  0.55655655655655656        300.31494036282953     
  0.55755755755755754        300.30496801070302     
  0.55855855855855852        300.29529727237912     
  0.55955955955955961        300.28591949271618     
  0.56056056056056058        300.27682625008083     
  0.56156156156156156        300.26800935050238     
  0.56256256256256254        300.25946082196015     
  0.56356356356356352        300.25117290880132     
  0.56456456456456461        300.24313806628652     
  0.56556556556556559        300.23534895526041     
  0.56656656656656657        300.22779843694542     
  0.56756756756756754        300.22047956785497     
  0.56856856856856852        300.21338559482496     
  0.56956956956956961        300.20650995016092     
  0.57057057057057059        300.19984624689675     
  0.57157157157157157        300.19338827416595     
  0.57257257257257255        300.18712999267967     
  0.57357357357357353        300.18106553031208     
  0.57457457457457461        300.17518917778852     
  0.57557557557557559        300.16949538447642     
  0.57657657657657657        300.16397875427509     
  0.57757757757757755        300.15863404160348     
  0.57857857857857853        300.15345614748350     
  0.57957957957957962        300.14844011571597     
  0.58058058058058060        300.14358112914920     
  0.58158158158158157        300.13887450603602     
  0.58258258258258255        300.13431569647929     
  0.58358358358358353        300.12990027896251     
  0.58458458458458462        300.12562395696432     
  0.58558558558558560        300.12148255565580     
  0.58658658658658658        300.11747201867689     
  0.58758758758758756        300.11358840499224     
  0.58858858858858853        300.10982788582385     
  0.58958958958958962        300.10618674165806     
  0.59059059059059060        300.10266135932682     
  0.59159159159159158        300.09924822916076     
  0.59259259259259256        300.09594394221205     
  0.59359359359359354        300.09274518754643     
  0.59459459459459463        300.08964874960213     
  0.59559559559559561        300.08665150561484     
  0.59659659659659658        300.08375042310644     
  0.59759759759759756        300.08094255743697     
  0.59859859859859854        300.07822504941737     
  0.59959959959959963        300.07559512298309     
  0.60060060060060061        300.07305008292514     
  0.60160160160160159        300.07058731267955     
  0.60260260260260257        300.06820427217201     
  0.60360360360360354        300.06589849571742     
  0.60460460460460463        300.06366758997331     
  0.60560560560560561        300.06150923194446     
  0.60660660660660659        300.05942116703966     
  0.60760760760760757        300.05740120717729     
  0.60860860860860866        300.05544722894058     
  0.60960960960960964        300.05355717177889     
  0.61061061061061062        300.05172903625737     
  0.61161161161161159        300.04996088234998     
  0.61261261261261257        300.04825082777802     
  0.61361361361361366        300.04659704639158     
  0.61461461461461464        300.04499776659293     
  0.61561561561561562        300.04345126980115     
  0.61661661661661660        300.04195588895709     
  0.61761761761761758        300.04051000706772     
  0.61861861861861867        300.03911205578828     
  0.61961961961961964        300.03776051404236     
  0.62062062062062062        300.03645390667799     
  0.62162162162162160        300.03519080315954     
  0.62262262262262258        300.03396981629447     
  0.62362362362362367        300.03278960099391     
  0.62462462462462465        300.03164885306609     
  0.62562562562562563        300.03054630804212     
  0.62662662662662660        300.02948074003331     
  0.62762762762762758        300.02845096061952     
  0.62862862862862867        300.02745581776657     
  0.62962962962962965        300.02649419477353     
  0.63063063063063063        300.02556500924862     
  0.63163163163163161        300.02466721211209     
  0.63263263263263259        300.02379978662708     
  0.63363363363363367        300.02296174745601     
  0.63463463463463465        300.02215213974347     
  0.63563563563563563        300.02137003822406     
  0.63663663663663661        300.02061454635373     
  0.63763763763763759        300.01988479546662     
  0.63863863863863868        300.01917994395376     
  0.63963963963963966        300.01849917646490     
  0.64064064064064064        300.01784170313243     
  0.64164164164164161        300.01720675881722     
  0.64264264264264259        300.01659360237426     
  0.64364364364364368        300.01600151593993     
  0.64464464464464466        300.01542980423869     
  0.64564564564564564        300.01487779390874     
  0.64664664664664662        300.01434483284760     
  0.64764764764764760        300.01383028957463     
  0.64864864864864868        300.01333355261306     
  0.64964964964964966        300.01285402988810     
  0.65065065065065064        300.01239114814285     
  0.65165165165165162        300.01194435237062     
  0.65265265265265260        300.01151310526302     
  0.65365365365365369        300.01109688667407     
  0.65465465465465467        300.01069519309965     
  0.65565565565565564        300.01030753717146     
  0.65665665665665662        300.00993344716562     
  0.65765765765765760        300.00957246652558     
  0.65865865865865869        300.00922415339841     
  0.65965965965965967        300.00888808018476     
  0.66066066066066065        300.00856383310128     
  0.66166166166166163        300.00825101175650     
  0.66266266266266260        300.00794922873820     
  0.66366366366366369        300.00765810921308     
  0.66466466466466467        300.00737729053856     
  0.66566566566566565        300.00710642188477     
  0.66666666666666663        300.00684516386877     
  0.66766766766766761        300.00659318819879     
  0.66866866866866870        300.00635017732884     
  0.66966966966966968        300.00611582412415     
  0.67067067067067065        300.00588983153557     
  0.67167167167167163        300.00567191228436     
  0.67267267267267261        300.00546178855564     
  0.67367367367367370        300.00525919170161     
  0.67467467467467468        300.00506386195298     
  0.67567567567567566        300.00487554813913     
  0.67667667667667664        300.00469400741696     
  0.67767767767767773        300.00451900500741     
  0.67867867867867870        300.00435031393999     
  0.67967967967967968        300.00418771480525     
  0.68068068068068066        300.00403099551397     
  0.68168168168168164        300.00387995106479     
  0.68268268268268273        300.00373438331735     
  0.68368368368368371        300.00359410077368     
  0.68468468468468469        300.00345891836520     
  0.68568568568568566        300.00332865724687     
  0.68668668668668664        300.00320314459691     
  0.68768768768768773        300.00308221342357     
  0.68868868868868871        300.00296570237680     
  0.68968968968968969        300.00285345556631     
  0.69069069069069067        300.00274532238473     
  0.69169169169169165        300.00264115733705     
  0.69269269269269274        300.00254081987413     
  0.69369369369369371        300.00244417423227     
  0.69469469469469469        300.00235108927728     
  0.69569569569569567        300.00226143835351     
  0.69669669669669665        300.00217509913779     
  0.69769769769769774        300.00209195349703     
  0.69869869869869872        300.00201188735161     
  0.69969969969969970        300.00193479054172     
  0.70070070070070067        300.00186055669877     
  0.70170170170170165        300.00178908312040     
  0.70270270270270274        300.00172027064940     
  0.70370370370370372        300.00165402355680     
  0.70470470470470470        300.00159024942775     
  0.70570570570570568        300.00152885905248     
  0.70670670670670666        300.00146976631925     
  0.70770770770770774        300.00141288811130     
  0.70870870870870872        300.00135814420713     
  0.70970970970970970        300.00130545718400     
  0.71071071071071068        300.00125475232409     
  0.71171171171171166        300.00120595752401     
  0.71271271271271275        300.00115900320708     
  0.71371371371371373        300.00111382223844     
  0.71471471471471471        300.00107034984291     
  0.71571571571571568        300.00102852352529     
  0.71671671671671666        300.00098828299360     
  0.71771771771771775        300.00094957008429     
  0.71871871871871873        300.00091232869039     
  0.71971971971971971        300.00087650469152     
  0.72072072072072069        300.00084204588660     
  0.72172172172172167        300.00080890192834     
  0.72272272272272275        300.00077702426000     
  0.72372372372372373        300.00074636605439     
  0.72472472472472471        300.00071688215468     
  0.72572572572572569        300.00068852901711     
  0.72672672672672667        300.00066126465566     
  0.72772772772772776        300.00063504858866     
  0.72872872872872874        300.00060984178668     
  0.72972972972972971        300.00058560662279     
  0.73073073073073069        300.00056230682401     
  0.73173173173173167        300.00053990742435     
  0.73273273273273276        300.00051837471977     
  0.73373373373373374        300.00049767622420     
  0.73473473473473472        300.00047778062742     
  0.73573573573573570        300.00045865775388     
  0.73673673673673679        300.00044027852340     
  0.73773773773773776        300.00042261491274     
  0.73873873873873874        300.00040563991871     
  0.73973973973973972        300.00038932752256     
  0.74074074074074070        300.00037365265513     
  0.74174174174174179        300.00035859116400     
  0.74274274274274277        300.00034411978061     
  0.74374374374374375        300.00033021608959     
  0.74474474474474472        300.00031685849871     
  0.74574574574574570        300.00030402620922     
  0.74674674674674679        300.00029169918827     
  0.74774774774774777        300.00027985814171     
  0.74874874874874875        300.00026848448755     
  0.74974974974974973        300.00025756033097     
  0.75075075075075071        300.00024706843959     
  0.75175175175175180        300.00023699222010     
  0.75275275275275277        300.00022731569521     
  0.75375375375375375        300.00021802348164     
  0.75475475475475473        300.00020910076893     
  0.75575575575575571        300.00020053329877     
  0.75675675675675680        300.00019230734540     
  0.75775775775775778        300.00018440969592     
  0.75875875875875876        300.00017682763246     
  0.75975975975975973        300.00016954891373     
  0.76076076076076071        300.00016256175832     
  0.76176176176176180        300.00015585482737     
  0.76276276276276278        300.00014941720923     
  0.76376376376376376        300.00014323840355     
  0.76476476476476474        300.00013730830636     
  0.76576576576576572        300.00013161719562     
  0.76676676676676681        300.00012615571740     
  0.76776776776776778        300.00012091487247     
  0.76876876876876876        300.00011588600290     
  0.76976976976976974        300.00011106078011     
  0.77077077077077072        300.00010643119259     
  0.77177177177177181        300.00010198953390     
  0.77277277277277279        300.00009772839212     
  0.77377377377377377        300.00009364063823     
  0.77477477477477474        300.00008971941628     
  0.77577577577577572        300.00008595813301     
  0.77677677677677681        300.00008235044828     
  0.77777777777777779        300.00007889026529     
  0.77877877877877877        300.00007557172205     
  0.77977977977977975        300.00007238918255     
  0.78078078078078073        300.00006933722790     
  0.78178178178178181        300.00006641064886     
  0.78278278278278279        300.00006360443757     
  0.78378378378378377        300.00006091378015     
  0.78478478478478475        300.00005833404947     
  0.78578578578578573        300.00005586079828     
  0.78678678678678682        300.00005348975202     
  0.78778778778778780        300.00005121680277     
  0.78878878878878878        300.00004903800277     
  0.78978978978978975        300.00004694955840     
  0.79079079079079073        300.00004494782445     
  0.79179179179179182        300.00004302929830     
  0.79279279279279280        300.00004119061470     
  0.79379379379379378        300.00003942854045     
  0.79479479479479476        300.00003773996963     
  0.79579579579579574        300.00003612191830     
  0.79679679679679682        300.00003457152036     
  0.79779779779779780        300.00003308602260     
  0.79879879879879878        300.00003166278071     
  0.79979979979979976        300.00003029925495     
  0.80080080080080074        300.00002899300625     
  0.80180180180180183        300.00002774169235     
  0.80280280280280281        300.00002654306394     
  0.80380380380380378        300.00002539496103     
  0.80480480480480476        300.00002429530991     
  0.80580580580580585        300.00002324211954     
  0.80680680680680683        300.00002223347809     
  0.80780780780780781        300.00002126755044     
  0.80880880880880879        300.00002034257483     
  0.80980980980980977        300.00001945686017     
  0.81081081081081086        300.00001860878314     
  0.81181181181181183        300.00001779678581     
  0.81281281281281281        300.00001701937265     
  0.81381381381381379        300.00001627510875     
  0.81481481481481477        300.00001556261680     
  0.81581581581581586        300.00001488057524     
  0.81681681681681684        300.00001422771595     
  0.81781781781781782        300.00001360282209     
  0.81881881881881879        300.00001300472627     
  0.81981981981981977        300.00001243230844     
  0.82082082082082086        300.00001188449403     
  0.82182182182182184        300.00001136025230     
  0.82282282282282282        300.00001085859446     
  0.82382382382382380        300.00001037857209     
  0.82482482482482478        300.00000991927550     
  0.82582582582582587        300.00000947983216     
  0.82682682682682684        300.00000905940539     
  0.82782782782782782        300.00000865719272     
  0.82882882882882880        300.00000827242468     
  0.82982982982982978        300.00000790436343     
  0.83083083083083087        300.00000755230150     
  0.83183183183183185        300.00000721556057     
  0.83283283283283283        300.00000689349031     
  0.83383383383383380        300.00000658546730     
  0.83483483483483478        300.00000629089385     
  0.83583583583583587        300.00000600919708     
  0.83683683683683685        300.00000573982788     
  0.83783783783783783        300.00000548225984     
  0.83883883883883881        300.00000523598857     
  0.83983983983983979        300.00000500053056     
  0.84084084084084088        300.00000477542244     
  0.84184184184184185        300.00000456022036     
  0.84284284284284283        300.00000435449880     
  0.84384384384384381        300.00000415785030     
  0.84484484484484479        300.00000396988406     
  0.84584584584584588        300.00000379022606     
  0.84684684684684686        300.00000361851778     
  0.84784784784784784        300.00000345441583     
  0.84884884884884881        300.00000329759126     
  0.84984984984984979        300.00000314772905     
  0.85085085085085088        300.00000300452729     
  0.85185185185185186        300.00000286769699     
  0.85285285285285284        300.00000273696145     
  0.85385385385385382        300.00000261205543     
  0.85485485485485480        300.00000249272506     
  0.85585585585585588        300.00000237872740     
  0.85685685685685686        300.00000226982962     
  0.85785785785785784        300.00000216580884     
  0.85885885885885882        300.00000206645183     
  0.85985985985985980        300.00000197155424     
  0.86086086086086089        300.00000188092054     
  0.86186186186186187        300.00000179436364     
  0.86286286286286284        300.00000171170433     
  0.86386386386386382        300.00000163277105     
  0.86486486486486491        300.00000155739986     
  0.86586586586586589        300.00000148543359     
  0.86686686686686687        300.00000141672194     
  0.86786786786786785        300.00000135112111     
  0.86886886886886883        300.00000128849337     
  0.86986986986986992        300.00000122870716     
  0.87087087087087089        300.00000117163631     
  0.87187187187187187        300.00000111716037     
  0.87287287287287285        300.00000106516404     
  0.87387387387387383        300.00000101553695     
  0.87487487487487492        300.00000096817354     
  0.87587587587587590        300.00000092297296     
  0.87687687687687688        300.00000087983847     
  0.87787787787787785        300.00000083867786     
  0.87887887887887883        300.00000079940287     
  0.87987987987987992        300.00000076192890     
  0.88088088088088090        300.00000072617519     
  0.88188188188188188        300.00000069206470     
  0.88288288288288286        300.00000065952327     
  0.88388388388388384        300.00000062848056     
  0.88488488488488493        300.00000059886901     
  0.88588588588588590        300.00000057062402     
  0.88688688688688688        300.00000054368388     
  0.88788788788788786        300.00000051798969     
  0.88888888888888884        300.00000049348506     
  0.88988988988988993        300.00000047011611     
  0.89089089089089091        300.00000044783133     
  0.89189189189189189        300.00000042658161     
  0.89289289289289286        300.00000040631977     
  0.89389389389389384        300.00000038700091     
  0.89489489489489493        300.00000036858211     
  0.89589589589589591        300.00000035102232     
  0.89689689689689689        300.00000033428228     
  0.89789789789789787        300.00000031832468     
  0.89889889889889885        300.00000030311361     
  0.89989989989989994        300.00000028861496     
  0.90090090090090091        300.00000027479592     
  0.90190190190190189        300.00000026162553     
  0.90290290290290287        300.00000024907382     
  0.90390390390390385        300.00000023711237     
  0.90490490490490494        300.00000022571407     
  0.90590590590590592        300.00000021485289     
  0.90690690690690690        300.00000020450409     
  0.90790790790790787        300.00000019464397     
  0.90890890890890885        300.00000018524997     
  0.90990990990990994        300.00000017630049     
  0.91091091091091092        300.00000016777494     
  0.91191191191191190        300.00000015965367     
  0.91291291291291288        300.00000015191790     
  0.91391391391391386        300.00000014454969     
  0.91491491491491495        300.00000013753191     
  0.91591591591591592        300.00000013084826     
  0.91691691691691690        300.00000012448317     
  0.91791791791791788        300.00000011842178     
  0.91891891891891886        300.00000011264990     
  0.91991991991991995        300.00000010715388     
  0.92092092092092093        300.00000010192099     
  0.92192192192192191        300.00000009693866     
  0.92292292292292288        300.00000009219531     
  0.92392392392392386        300.00000008767961     
  0.92492492492492495        300.00000008338100     
  0.92592592592592593        300.00000007928907     
  0.92692692692692691        300.00000007539415     
  0.92792792792792789        300.00000007168700     
  0.92892892892892887        300.00000006815873     
  0.92992992992992995        300.00000006480082     
  0.93093093093093093        300.00000006160525     
  0.93193193193193191        300.00000005856430     
  0.93293293293293289        300.00000005567068     
  0.93393393393393398        300.00000005291736     
  0.93493493493493496        300.00000005029767     
  0.93593593593593594        300.00000004780526     
  0.93693693693693691        300.00000004543409     
  0.93793793793793789        300.00000004317837     
  0.93893893893893898        300.00000004103254     
  0.93993993993993996        300.00000003899146     
  0.94094094094094094        300.00000003704992     
  0.94194194194194192        300.00000003520341     
  0.94294294294294290        300.00000003344724     
  0.94394394394394399        300.00000003177701     
  0.94494494494494496        300.00000003018869     
  0.94594594594594594        300.00000002867830     
  0.94694694694694692        300.00000002724215     
  0.94794794794794790        300.00000002587655     
  0.94894894894894899        300.00000002457824     
  0.94994994994994997        300.00000002334389     
  0.95095095095095095        300.00000002217035     
  0.95195195195195192        300.00000002105480     
  0.95295295295295290        300.00000001999433     
  0.95395395395395399        300.00000001898638     
  0.95495495495495497        300.00000001802829     
  0.95595595595595595        300.00000001711771     
  0.95695695695695693        300.00000001625227     
  0.95795795795795791        300.00000001542980     
  0.95895895895895900        300.00000001464826     
  0.95995995995995997        300.00000001390561     
  0.96096096096096095        300.00000001319989     
  0.96196196196196193        300.00000001252943     
  0.96296296296296291        300.00000001189238     
  0.96396396396396400        300.00000001128717     
  0.96496496496496498        300.00000001071220     
  0.96596596596596596        300.00000001016599     
  0.96696696696696693        300.00000000964718     
  0.96796796796796791        300.00000000915435     
  0.96896896896896900        300.00000000868630     
  0.96996996996996998        300.00000000824173     
  0.97097097097097096        300.00000000781955     
  0.97197197197197194        300.00000000741858     
  0.97297297297297292        300.00000000703790     
  0.97397397397397401        300.00000000667637     
  0.97497497497497498        300.00000000633304     
  0.97597597597597596        300.00000000600716     
  0.97697697697697694        300.00000000569764     
  0.97797797797797792        300.00000000540388     
  0.97897897897897901        300.00000000512495     
  0.97997997997997999        300.00000000486028     
  0.98098098098098097        300.00000000460892     
  0.98198198198198194        300.00000000437041     
  0.98298298298298292        300.00000000414406     
  0.98398398398398401        300.00000000392919     
  0.98498498498498499        300.00000000372529     
  0.98598598598598597        300.00000000353174     
  0.98698698698698695        300.00000000334813     
  0.98798798798798793        300.00000000317391     
  0.98898898898898902        300.00000000300855     
  0.98998998998998999        300.00000000285172     
  0.99099099099099097        300.00000000270296     
  0.99199199199199195        300.00000000256171     
  0.99299299299299304        300.00000000242778     
  0.99399399399399402        300.00000000230079     
  0.99499499499499500        300.00000000218023     
  0.99599599599599598        300.00000000206597     
  0.99699699699699695        300.00000000195752     
  0.99799799799799804        300.00000000185474     
  0.99899899899899902        300.00000000175726     
   1.0000000000000000        300.00000000166477     
