   0.0000000000000000        19441.138271487496     
   1.0010010010010010E-003   19268.551892004565     
   2.0020020020020020E-003   19096.960658403408     
   3.0030030030030030E-003   18926.364518712653     
   4.0040040040040040E-003   18756.763368997723     
   5.0050050050050050E-003   18588.157053377083     
   6.0060060060060060E-003   18420.545364046684     
   7.0070070070070069E-003   18253.928041312498     
   8.0080080080080079E-003   18088.304773631200     
   9.0090090090090089E-003   17923.675197658948     
   1.0010010010010010E-002   17760.038898308248     
   1.1011011011011011E-002   17597.395408812932     
   1.2012012012012012E-002   17435.744210801167     
   1.3013013013013013E-002   17275.084734376567     
   1.4014014014014014E-002   17115.416358207236     
   1.5015015015015015E-002   16956.738409622933     
   1.6016016016016016E-002   16799.050164720105     
   1.7017017017017015E-002   16642.350848474947     
   1.8018018018018018E-002   16486.639634864336     
   1.9019019019019021E-002   16331.915646994692     
   2.0020020020020020E-002   16178.177957238660     
   2.1021021021021019E-002   16025.425587379628     
   2.2022022022022022E-002   15873.657508764034     
   2.3023023023023025E-002   15722.872642461398     
   2.4024024024024024E-002   15573.069859432080     
   2.5025025025025023E-002   15424.247980702674     
   2.6026026026026026E-002   15276.405777549026     
   2.7027027027027029E-002   15129.541971686811     
   2.8028028028028028E-002   14983.655235469638     
   2.9029029029029027E-002   14838.744192094609     
   3.0030030030030030E-002   14694.807415815292     
   3.1031031031031032E-002   14551.843432162048     
   3.2032032032032032E-002   14409.850718169673     
   3.3033033033033031E-002   14268.827702612267     
   3.4034034034034030E-002   14128.772766245283     
   3.5035035035035036E-002   13989.684242054709     
   3.6036036036036036E-002   13851.560415513297     
   3.7037037037037035E-002   13714.399524843775     
   3.8038038038038041E-002   13578.199761288992     
   3.9039039039039040E-002   13442.959269388915     
   4.0040040040040040E-002   13308.676147264410     
   4.1041041041041039E-002   13175.348446907721     
   4.2042042042042038E-002   13042.974174479603     
   4.3043043043043044E-002   12911.551290613002     
   4.4044044044044044E-002   12781.077710723222     
   4.5045045045045043E-002   12651.551305324509     
   4.6046046046046049E-002   12522.969900352937     
   4.7047047047047048E-002   12395.331277495565     
   4.8048048048048048E-002   12268.633174525736     
   4.9049049049049047E-002   12142.873285644449     
   5.0050050050050046E-002   12018.049261827746     
   5.1051051051051052E-002   11894.158711179967     
   5.2052052052052052E-002   11771.199199292854     
   5.3053053053053051E-002   11649.168249610355     
   5.4054054054054057E-002   11528.063343799075     
   5.5055055055055056E-002   11407.881922124263     
   5.6056056056056056E-002   11288.621383831245     
   5.7057057057057055E-002   11170.279087532230     
   5.8058058058058054E-002   11052.852351598342     
   5.9059059059059060E-002   10936.338454556831     
   6.0060060060060060E-002   10820.734635493352     
   6.1061061061061059E-002   10706.038094459200     
   6.2062062062062065E-002   10592.245992883405     
   6.3063063063063057E-002   10479.355453989601     
   6.4064064064064064E-002   10367.363563217550     
   6.5065065065065070E-002   10256.267368649220     
   6.6066066066066062E-002   10146.063881439330     
   6.7067067067067068E-002   10036.750076250235     
   6.8068068068068061E-002   9928.3228916910575     
   6.9069069069069067E-002   9820.7792307609670     
   7.0070070070070073E-002   9714.1159612964839     
   7.1071071071071065E-002   9608.3299164227101     
   7.2072072072072071E-002   9503.4178950083751     
   7.3073073073073078E-002   9399.3766621245959     
   7.4074074074074070E-002   9296.2029495072347     
   7.5075075075075076E-002   9193.8934560227481     
   7.6076076076076082E-002   9092.4448481374002     
   7.7077077077077075E-002   8991.8537603897767     
   7.8078078078078081E-002   8892.1167958664191     
   7.9079079079079073E-002   8793.2305266805361     
   8.0080080080080079E-002   8695.1914944536311     
   8.1081081081081086E-002   8597.9962107999618     
   8.2082082082082078E-002   8501.6411578136940     
   8.3083083083083084E-002   8406.1227885586795     
   8.4084084084084076E-002   8311.4375275606853     
   8.5085085085085083E-002   8217.5817713020224     
   8.6086086086086089E-002   8124.5518887184171     
   8.7087087087087081E-002   8032.3442216980266     
   8.8088088088088087E-002   7940.9550855824937     
   8.9089089089089094E-002   7850.3807696699068     
   9.0090090090090086E-002   7760.6175377195777     
   9.1091091091091092E-002   7671.6616284585034     
   9.2092092092092098E-002   7583.5092560893991     
   9.3093093093093091E-002   7496.1566108002089     
   9.4094094094094097E-002   7409.5998592749556     
   9.5095095095095089E-002   7323.8351452058387     
   9.6096096096096095E-002   7238.8585898064439     
   9.7097097097097101E-002   7154.6662923259883     
   9.8098098098098094E-002   7071.2543305644385     
   9.9099099099099100E-002   6988.6187613884458     
  0.10010010010010009        6906.7556212479358     
  0.10110110110110110        6825.6609266932819     
  0.10210210210210210        6745.3306748929244     
  0.10310310310310310        6665.7608441513412     
  0.10410410410410410        6586.9473944272559     
  0.10510510510510511        6508.8862678519590     
  0.10610610610610610        6431.5733892476710     
  0.10710710710710711        6355.0046666457938     
  0.10810810810810811        6279.1759918049765     
  0.10910910910910911        6204.0832407288754     
  0.11011011011011011        6129.7222741835012     
  0.11111111111111110        6056.0889382140558     
  0.11211211211211211        5983.1790646611380     
  0.11311311311311312        5910.9884716762408     
  0.11411411411411411        5839.5129642363981     
  0.11511511511511512        5768.7483346579256     
  0.11611611611611611        5698.6903631091172     
  0.11711711711711711        5629.3348181218071     
  0.11811811811811812        5560.6774571017058     
  0.11911911911911911        5492.7140268373996     
  0.12012012012012012        5425.4402640079252     
  0.12112112112112113        5358.8518956888192     
  0.12212212212212212        5292.9446398565369     
  0.12312312312312312        5227.7142058911631     
  0.12412412412412413        5163.1562950773096     
  0.12512512512512514        5099.2666011031006     
  0.12612612612612611        5036.0408105571769     
  0.12712712712712712        4973.4746034236032     
  0.12812812812812813        4911.5636535745980     
  0.12912912912912913        4850.3036292610050     
  0.13013013013013014        4789.6901936004124     
  0.13113113113113112        4729.7190050628278     
  0.13213213213213212        4670.3857179538363     
  0.13313313313313313        4611.6859828951510     
  0.13413413413413414        4553.6154473024726     
  0.13513513513513514        4496.1697558605829     
  0.13613613613613612        4439.3445509955827     
  0.13713713713713713        4383.1354733442022     
  0.13813813813813813        4327.5381622201157     
  0.13913913913913914        4272.5482560771597     
  0.14014014014014015        4218.1613929694031     
  0.14114114114114115        4164.3732110079882     
  0.14214214214214213        4111.1793488146632     
  0.14314314314314314        4058.5754459719565     
  0.14414414414414414        4006.5571434698932     
  0.14514514514514515        3955.1200841492146     
  0.14614614614614616        3904.2599131410166     
  0.14714714714714713        3853.9722783027532     
  0.14814814814814814        3804.2528306505301     
  0.14914914914914915        3755.0972247876366     
  0.15015015015015015        3706.5011193292521     
  0.15115115115115116        3658.4601773232657     
  0.15215215215215216        3610.9700666671506     
  0.15315315315315314        3564.0264605208449     
  0.15415415415415415        3517.6250377155761     
  0.15515515515515516        3471.7614831585743     
  0.15615615615615616        3426.4314882336334     
  0.15715715715715717        3381.6307511974596     
  0.15815815815815815        3337.3549775717638     
  0.15915915915915915        3293.5998805310464     
  0.16016016016016016        3250.3611812860327     
  0.16116116116116116        3207.6346094627170     
  0.16216216216216217        3165.4159034769627     
  0.16316316316316315        3123.7008109046260     
  0.16416416416416416        3082.4850888471638     
  0.16516516516516516        3041.7645042926783     
  0.16616616616616617        3001.5348344723770     
  0.16716716716716717        2961.7918672123951     
  0.16816816816816815        2922.5314012809581     
  0.16916916916916916        2883.7492467308525     
  0.17017017017017017        2845.4412252371717     
  0.17117117117117117        2807.6031704302986     
  0.17217217217217218        2770.2309282241172     
  0.17317317317317318        2733.3203571394074     
  0.17417417417417416        2696.8673286224093     
  0.17517517517517517        2660.8677273585345     
  0.17617617617617617        2625.3174515811893     
  0.17717717717717718        2590.2124133757111     
  0.17817817817817819        2555.5485389783776     
  0.17917917917917917        2521.3217690704846     
  0.18018018018018017        2487.5280590674752     
  0.18118118118118118        2454.1633794030977     
  0.18218218218218218        2421.2237158085895     
  0.18318318318318319        2388.7050695868670     
  0.18418418418418420        2356.6034578817189     
  0.18518518518518517        2324.9149139419860     
  0.18618618618618618        2293.6354873807231     
  0.18718718718718719        2262.7612444293418     
  0.18818818818818819        2232.2882681867200     
  0.18918918918918920        2202.2126588632850     
  0.19019019019019018        2172.5305340200593     
  0.19119119119119118        2143.2380288026693     
  0.19219219219219219        2114.3312961703277     
  0.19319319319319320        2085.8065071197766     
  0.19419419419419420        2057.6598509042060     
  0.19519519519519518        2029.8875352471448     
  0.19619619619619619        2002.4857865513334     
  0.19719719719719719        1975.4508501025873     
  0.19819819819819820        1948.7789902686525     
  0.19919919919919921        1922.4664906930689     
  0.20020020020020018        1896.5096544840487     
  0.20120120120120119        1870.9048043983851     
  0.20220220220220220        1845.6482830203970     
  0.20320320320320320        1820.7364529359345     
  0.20420420420420421        1796.1656969014491     
  0.20520520520520522        1771.9324180081546     
  0.20620620620620619        1748.0330398412882     
  0.20720720720720720        1724.4640066344971     
  0.20820820820820821        1701.2217834193648     
  0.20920920920920921        1678.3028561701026     
  0.21021021021021022        1655.7037319434226     
  0.21121121121121120        1633.4209390136202     
  0.21221221221221220        1611.4510270028861     
  0.21321321321321321        1589.7905670068747     
  0.21421421421421422        1568.4361517155530     
  0.21521521521521522        1547.3843955293576     
  0.21621621621621623        1526.6319346706873     
  0.21721721721721721        1506.1754272907590     
  0.21821821821821821        1486.0115535718571     
  0.21921921921921922        1466.1370158250065     
  0.22022022022022023        1446.5485385830989     
  0.22122122122122123        1427.2428686895050     
  0.22222222222222221        1408.2167753822102     
  0.22322322322322322        1389.4670503734960     
  0.22422422422422422        1370.9905079252114     
  0.22522522522522523        1352.7839849196685     
  0.22622622622622623        1334.8443409261897     
  0.22722722722722721        1317.1684582633545     
  0.22822822822822822        1299.7532420569744     
  0.22922922922922923        1282.5956202938355     
  0.23023023023023023        1265.6925438712531     
  0.23123123123123124        1249.0409866424675     
  0.23223223223223222        1232.6379454579292     
  0.23323323323323322        1216.4804402025111     
  0.23423423423423423        1200.5655138286854     
  0.23523523523523523        1184.8902323857119     
  0.23623623623623624        1169.4516850448756     
  0.23723723723723725        1154.2469841208203     
  0.23823823823823823        1139.2732650890152     
  0.23923923923923923        1124.5276865994044     
  0.24024024024024024        1110.0074304862792     
  0.24124124124124124        1095.7097017744184     
  0.24224224224224225        1081.6317286815427     
  0.24324324324324323        1067.7707626171264     
  0.24424424424424424        1054.1240781776157     
  0.24524524524524524        1040.6889731380920     
  0.24624624624624625        1027.4627684404377     
  0.24724724724724725        1014.4428081780387     
  0.24824824824824826        1001.6264595770836     
  0.24924924924924924        989.01111297449336     
  0.25025025025025027        976.59418179253976     
  0.25125125125125125        964.37310251019517     
  0.25225225225225223        952.34533463126218     
  0.25325325325325326        940.50836064933310     
  0.25425425425425424        928.85968600962519     
  0.25525525525525528        917.39683906774167     
  0.25625625625625625        906.11737104540839     
  0.25725725725725723        895.01885598323224     
  0.25825825825825827        884.09889069053236     
  0.25925925925925924        873.35509469229339     
  0.26026026026026028        862.78511017328867     
  0.26126126126126126        852.38660191942313     
  0.26226226226226224        842.15725725634752     
  0.26326326326326327        832.09478598538817     
  0.26426426426426425        822.19692031684849     
  0.26526526526526528        812.46141480072561     
  0.26626626626626626        802.88604625489575     
  0.26726726726726724        793.46861369081512     
  0.26826826826826827        784.20693823678766     
  0.26926926926926925        775.09886305884845     
  0.27027027027027029        766.14225327931047     
  0.27127127127127126        757.33499589302698     
  0.27227227227227224        748.67499968141590     
  0.27327327327327328        740.16019512429705     
  0.27427427427427425        731.78853430959020     
  0.27527527527527529        723.55799084092291     
  0.27627627627627627        715.46655974319651     
  0.27727727727727730        707.51225736616050     
  0.27827827827827828        699.69312128604031     
  0.27927927927927926        692.00721020527033     
  0.28028028028028029        684.45260385037716     
  0.28128128128128127        677.02740286806261     
  0.28228228228228230        669.72972871953277     
  0.28328328328328328        662.55772357312162     
  0.28428428428428426        655.50955019525497     
  0.28528528528528529        648.58339183980274     
  0.28628628628628627        641.77745213586502     
  0.28728728728728731        635.08995497403885     
  0.28828828828828829        628.51914439121128     
  0.28928928928928926        622.06328445392467     
  0.29029029029029030        615.72065914035920     
  0.29129129129129128        609.48957222097829     
  0.29229229229229231        603.36834713788039     
  0.29329329329329329        597.35532688290414     
  0.29429429429429427        591.44887387452661     
  0.29529529529529530        585.64736983360308     
  0.29629629629629628        579.94921565798745     
  0.29729729729729731        574.35283129608092     
  0.29829829829829829        568.85665561934582     
  0.29929929929929927        563.45914629383219     
  0.30030030030030030        558.15877965075504     
  0.30130130130130128        552.95405055616561     
  0.30230230230230232        547.84347227975832     
  0.30330330330330330        542.82557636285071     
  0.30430430430430433        537.89891248558160     
  0.30530530530530531        533.06204833336176     
  0.30630630630630629        528.31356946262088     
  0.30730730730730732        523.65207916588668     
  0.30830830830830830        519.07619833623710     
  0.30930930930930933        514.58456533116146     
  0.31031031031031031        510.17583583586941     
  0.31131131131131129        505.84868272608475     
  0.31231231231231232        501.60179593035929     
  0.31331331331331330        497.43388229194562     
  0.31431431431431434        493.34366543026226     
  0.31531531531531531        489.32988560198737     
  0.31631631631631629        485.39129956181529     
  0.31731731731731733        481.52668042291111     
  0.31831831831831831        477.73481751709636     
  0.31931931931931934        474.01451625479928     
  0.32032032032032032        470.36459798480286     
  0.32132132132132130        466.78389985382262     
  0.32232232232232233        463.27127466594629     
  0.32332332332332331        459.82559074196701     
  0.32432432432432434        456.44573177863981     
  0.32532532532532532        453.13059670789391     
  0.32632632632632630        449.87909955602845     
  0.32732732732732733        446.69016930292219     
  0.32832832832832831        443.56274974128712     
  0.32932932932932935        440.49579933599188     
  0.33033033033033032        437.48829108348536     
  0.33133133133133130        434.53921237134659     
  0.33233233233233234        431.64756483798840     
  0.33333333333333331        428.81236423254063     
  0.33433433433433435        426.03264027493987     
  0.33533533533533533        423.30743651625022     
  0.33633633633633631        420.63581019924072     
  0.33733733733733734        418.01683211924347     
  0.33833833833833832        415.44958648531593     
  0.33933933933933935        412.93317078173249     
  0.34034034034034033        410.46669562982675     
  0.34134134134134136        408.04928465020708     
  0.34234234234234234        405.68007432536837     
  0.34334334334334332        403.35821386272102     
  0.34434434434434436        401.08286505805779     
  0.34534534534534533        398.85320215947951     
  0.34634634634634637        396.66841173179944     
  0.34734734734734735        394.52769252144634     
  0.34834834834834832        392.43025532188460     
  0.34934934934934936        390.37532283957074     
  0.35035035035035034        388.36212956046387     
  0.35135135135135137        386.38992161710814     
  0.35235235235235235        384.45795665630465     
  0.35335335335335333        382.56550370738847     
  0.35435435435435436        380.71184305112860     
  0.35535535535535534        378.89626608926551     
  0.35635635635635637        377.11807521470189     
  0.35735735735735735        375.37658368236237     
  0.35835835835835833        373.67111548073541     
  0.35935935935935936        372.00100520411212     
  0.36036036036036034        370.36559792553578     
  0.36136136136136138        368.76424907047499     
  0.36236236236236236        367.19632429123277     
  0.36336336336336333        365.66119934210479     
  0.36436436436436437        364.15825995529775     
  0.36536536536536535        362.68690171762034     
  0.36636636636636638        361.24652994795662     
  0.36736736736736736        359.83655957553367     
  0.36836836836836839        358.45641501899308     
  0.36936936936936937        357.10553006627606     
  0.37037037037037035        355.78334775533193     
  0.37137137137137138        354.48932025565921     
  0.37237237237237236        353.22290875068740     
  0.37337337337337340        351.98358332100787     
  0.37437437437437437        350.77082282846226     
  0.37537537537537535        349.58411480109578     
  0.37637637637637639        348.42295531898156     
  0.37737737737737737        347.28684890092438     
  0.37837837837837840        346.17530839204943     
  0.37937937937937938        345.08785485228191     
  0.38038038038038036        344.02401744572404     
  0.38138138138138139        342.98333333093416     
  0.38238238238238237        341.96534755211269     
  0.38338338338338340        340.96961293120154     
  0.38438438438438438        339.99568996089863     
  0.38538538538538536        339.04314669859377     
  0.38638638638638639        338.11155866122863     
  0.38738738738738737        337.20050872108459     
  0.38838838838838841        336.30958700250125     
  0.38938938938938938        335.43839077952919     
  0.39039039039039036        334.58652437451832     
  0.39139139139139140        333.75359905764509     
  0.39239239239239238        332.93923294738039     
  0.39339339339339341        332.14305091189874     
  0.39439439439439439        331.36468447143216     
  0.39539539539539537        330.60377170156789     
  0.39639639639639640        329.85995713749139     
  0.39739739739739738        329.13289167917628     
  0.39839839839839841        328.42223249751987     
  0.39939939939939939        327.72764294142553     
  0.40040040040040037        327.04879244583162     
  0.40140140140140140        326.38535644068577     
  0.40240240240240238        325.73701626086489     
  0.40340340340340342        325.10345905703957     
  0.40440440440440439        324.48437770748166     
  0.40540540540540543        323.87947073081358     
  0.40640640640640641        323.28844219969886     
  0.40740740740740738        322.71100165547051     
  0.40840840840840842        322.14686402369699     
  0.40940940940940940        321.59574953068176     
  0.41041041041041043        321.05738362089642     
  0.41141141141141141        320.53149687534227     
  0.41241241241241239        320.01782493083982     
  0.41341341341341342        319.51610840024182     
  0.41441441441441440        319.02609279356739     
  0.41541541541541543        318.54752844005429     
  0.41641641641641641        318.08017041112481     
  0.41741741741741739        317.62377844426300     
  0.41841841841841843        317.17811686779851     
  0.41941941941941940        316.74295452659373     
  0.42042042042042044        316.31806470862966     
  0.42142142142142142        315.90322507248663     
  0.42242242242242239        315.49821757571618     
  0.42342342342342343        315.10282840409781     
  0.42442442442442441        314.71684790177818     
  0.42542542542542544        314.34007050228615     
  0.42642642642642642        313.97229466042023     
  0.42742742742742740        313.61332278500242     
  0.42842842842842843        313.26296117249439     
  0.42942942942942941        312.92101994146947     
  0.43043043043043044        312.58731296793627     
  0.43143143143143142        312.26165782150815     
  0.43243243243243246        311.94387570241304     
  0.43343343343343343        311.63379137933754     
  0.43443443443443441        311.33123312810068     
  0.43543543543543545        311.03603267115028     
  0.43643643643643643        310.74802511787721     
  0.43743743743743746        310.46704890574051     
  0.43843843843843844        310.19294574219845     
  0.43943943943943942        309.92556054743841     
  0.44044044044044045        309.66474139790017     
  0.44144144144144143        309.41033947058611     
  0.44244244244244246        309.16220898815163     
  0.44344344344344344        308.92020716477015     
  0.44444444444444442        308.68419415276611     
  0.44544544544544545        308.45403299000873     
  0.44644644644644643        308.22958954806137     
  0.44744744744744747        308.01073248107861     
  0.44844844844844844        307.79733317544515     
  0.44944944944944942        307.58926570015007     
  0.45045045045045046        307.38640675788923     
  0.45145145145145144        307.18863563688944     
  0.45245245245245247        306.99583416344706     
  0.45345345345345345        306.80788665517605     
  0.45445445445445443        306.62467987495569     
  0.45545545545545546        306.44610298557450     
  0.45645645645645644        306.27204750506047     
  0.45745745745745747        306.10240726269308     
  0.45845845845845845        305.93707835568881     
  0.45945945945945943        305.77595910655396     
  0.46046046046046046        305.61895002109770     
  0.46146146146146144        305.46595374709807     
  0.46246246246246248        305.31687503361502     
  0.46346346346346345        305.17162069094212     
  0.46446446446446443        305.03009955119137     
  0.46546546546546547        304.89222242950387     
  0.46646646646646645        304.75790208587819     
  0.46746746746746748        304.62705318761186     
  0.46846846846846846        304.49959227234689     
  0.46946946946946949        304.37543771171369     
  0.47047047047047047        304.25450967556640     
  0.47147147147147145        304.13673009680184     
  0.47247247247247248        304.02202263675667     
  0.47347347347347346        303.91031265117459     
  0.47447447447447449        303.80152715673790     
  0.47547547547547547        303.69559479815553     
  0.47647647647647645        303.59244581580197     
  0.47747747747747749        303.49201201389877     
  0.47847847847847846        303.39422672923399     
  0.47947947947947950        303.29902480041079     
  0.48048048048048048        303.20634253761972     
  0.48148148148148145        303.11611769292807     
  0.48248248248248249        303.02828943107892     
  0.48348348348348347        302.94279830079410     
  0.48448448448448450        302.85958620657391     
  0.48548548548548548        302.77859638098789     
  0.48648648648648646        302.69977335744863     
  0.48748748748748749        302.62306294346473     
  0.48848848848848847        302.54841219436292     
  0.48948948948948950        302.47576938747699     
  0.49049049049049048        302.40508399679413     
  0.49149149149149146        302.33630666805362     
  0.49249249249249250        302.26938919429170     
  0.49349349349349347        302.20428449182594     
  0.49449449449449451        302.14094657667385     
  0.49549549549549549        302.07933054139818     
  0.49649649649649652        302.01939253237418     
  0.49749749749749750        301.96108972747197     
  0.49849849849849848        301.90438031414891     
  0.49949949949949951        301.84922346794451     
  0.50050050050050054        301.79557933137403     
  0.50150150150150152        301.74340899321288     
  0.50250250250250250        301.69267446816798     
  0.50350350350350348        301.64333867692847     
  0.50450450450450446        301.59536542659163     
  0.50550550550550555        301.54871939145755     
  0.50650650650650653        301.50336609418684     
  0.50750750750750750        301.45927188731667     
  0.50850850850850848        301.41640393512887     
  0.50950950950950946        301.37473019586480     
  0.51051051051051055        301.33421940428207     
  0.51151151151151153        301.29484105454719     
  0.51251251251251251        301.25656538345908     
  0.51351351351351349        301.21936335399846     
  0.51451451451451446        301.18320663919786     
  0.51551551551551555        301.14806760632672     
  0.51651651651651653        301.11391930138666     
  0.51751751751751751        301.08073543391299     
  0.51851851851851849        301.04849036207577     
  0.51951951951951947        301.01715907807630     
  0.52052052052052056        300.98671719383498     
  0.52152152152152154        300.95714092696443     
  0.52252252252252251        300.92840708702346     
  0.52352352352352349        300.90049306204844     
  0.52452452452452447        300.87337680535552     
  0.52552552552552556        300.84703682261045     
  0.52652652652652654        300.82145215916103     
  0.52752752752752752        300.79660238762784     
  0.52852852852852850        300.77246759574888     
  0.52952952952952947        300.74902837447326     
  0.53053053053053056        300.72626580630026     
  0.53153153153153154        300.70416145385968     
  0.53253253253253252        300.68269734872831     
  0.53353353353353350        300.66185598047906     
  0.53453453453453448        300.64162028595877     
  0.53553553553553557        300.62197363879039     
  0.53653653653653655        300.60289983909530     
  0.53753753753753752        300.58438310343240     
  0.53853853853853850        300.56640805494982     
  0.53953953953953948        300.54895971374538     
  0.54054054054054057        300.53202348743196     
  0.54154154154154155        300.51558516190426     
  0.54254254254254253        300.49963089230300     
  0.54354354354354351        300.48414719417320     
  0.54454454454454448        300.46912093481336     
  0.54554554554554557        300.45453932481041     
  0.54654654654654655        300.44038990975912     
  0.54754754754754753        300.42666056216098     
  0.54854854854854851        300.41333947349989     
  0.54954954954954960        300.40041514649113     
  0.55055055055055058        300.38787638750017     
  0.55155155155155156        300.37571229912845     
  0.55255255255255253        300.36391227296292     
  0.55355355355355351        300.35246598248557     
  0.55455455455455460        300.34136337614086     
  0.55555555555555558        300.33059467055722     
  0.55655655655655656        300.32015034392015     
  0.55755755755755754        300.31002112949346     
  0.55855855855855852        300.30019800928625     
  0.55955955955955961        300.29067220786249     
  0.56056056056056058        300.28143518629059     
  0.56156156156156156        300.27247863622978     
  0.56256256256256254        300.26379447415121     
  0.56356356356356352        300.25537483569036     
  0.56456456456456461        300.24721207012914     
  0.56556556556556559        300.23929873500367     
  0.56656656656656657        300.23162759083687     
  0.56756756756756754        300.22419159599150     
  0.56856856856856852        300.21698390164295     
  0.56956956956956961        300.20999784686830     
  0.57057057057057059        300.20322695384976     
  0.57157157157157157        300.19666492318902     
  0.57257257257257255        300.19030562933233     
  0.57357357357357353        300.18414311610223     
  0.57457457457457461        300.17817159233414     
  0.57557557557557559        300.17238542761584     
  0.57657657657657657        300.16677914812817     
  0.57757757757757755        300.16134743258374     
  0.57857857857857853        300.15608510826195     
  0.57957957957957962        300.15098714713929     
  0.58058058058058060        300.14604866211118     
  0.58158158158158157        300.14126490330500     
  0.58258258258258255        300.13663125448124     
  0.58358358358358353        300.13214322952143     
  0.58458458458458462        300.12779646900083     
  0.58558558558558560        300.12358673684440     
  0.58658658658658658        300.11950991706340     
  0.58758758758758756        300.11556201057164     
  0.58858858858858853        300.11173913207978     
  0.58958958958958962        300.10803750706475     
  0.59059059059059060        300.10445346881443     
  0.59159159159159158        300.10098345554428     
  0.59259259259259256        300.09762400758547     
  0.59359359359359354        300.09437176464229     
  0.59459459459459463        300.09122346311767     
  0.59559559559559561        300.08817593350483     
  0.59659659659659658        300.08522609784444     
  0.59759759759759756        300.08237096724457     
  0.59859859859859854        300.07960763946335     
  0.59959959959959963        300.07693329655194     
  0.60060060060060061        300.07434520255651     
  0.60160160160160159        300.07184070127914     
  0.60260260260260257        300.06941721409407     
  0.60360360360360354        300.06707223782053     
  0.60460460460460463        300.06480334264830     
  0.60560560560560561        300.06260817011753     
  0.60660660660660659        300.06048443114861     
  0.60760760760760757        300.05842990412401     
  0.60860860860860866        300.05644243301816     
  0.60960960960960964        300.05451992557590     
  0.61061061061061062        300.05266035153755     
  0.61161161161161159        300.05086174091070     
  0.61261261261261257        300.04912218228571     
  0.61361361361361366        300.04743982119567     
  0.61461461461461464        300.04581285851839     
  0.61561561561561562        300.04423954892093     
  0.61661661661661660        300.04271819934422     
  0.61761761761761758        300.04124716752739     
  0.61861861861861867        300.03982486057117     
  0.61961961961961964        300.03844973353887     
  0.62062062062062062        300.03712028809440     
  0.62162162162162160        300.03583507117622     
  0.62262262262262258        300.03459267370687     
  0.62362362362362367        300.03339172933619     
  0.62462462462462465        300.03223091321843     
  0.62562562562562563        300.03110894082158     
  0.62662662662662660        300.03002456676955     
  0.62762762762762758        300.02897658371427     
  0.62862862862862867        300.02796382123859     
  0.62962962962962965        300.02698514478874     
  0.63063063063063063        300.02603945463613     
  0.63163163163163161        300.02512568486605     
  0.63263263263263259        300.02424280239507     
  0.63363363363363367        300.02338980601417     
  0.63463463463463465        300.02256572545895     
  0.63563563563563563        300.02176962050390     
  0.63663663663663661        300.02100058008295     
  0.63763763763763759        300.02025772143327     
  0.63863863863863868        300.01954018926250     
  0.63963963963963966        300.01884715493946     
  0.64064064064064064        300.01817781570685     
  0.64164164164164161        300.01753139391593     
  0.64264264264264259        300.01690713628227     
  0.64364364364364368        300.01630431316244     
  0.64464464464464466        300.01572221785051     
  0.64564564564564564        300.01516016589443     
  0.64664664664664662        300.01461749443155     
  0.64764764764764760        300.01409356154261     
  0.64864864864864868        300.01358774562402     
  0.64964964964964966        300.01309944477765     
  0.65065065065065064        300.01262807621828     
  0.65165165165165162        300.01217307569709     
  0.65265265265265260        300.01173389694213     
  0.65365365365365369        300.01131001111452     
  0.65465465465465467        300.01090090627969     
  0.65565565565565564        300.01050608689468     
  0.65665665665665662        300.01012507330864     
  0.65765765765765760        300.00975740127944     
  0.65865865865865869        300.00940262150243     
  0.65965965965965967        300.00906029915382     
  0.66066066066066065        300.00873001344689     
  0.66166166166166163        300.00841135720111     
  0.66266266266266260        300.00810393642342     
  0.66366366366366369        300.00780736990220     
  0.66466466466466467        300.00752128881265     
  0.66566566566566565        300.00724533633360     
  0.66666666666666663        300.00697916727574     
  0.66766766766766761        300.00672244772068     
  0.66866866866866870        300.00647485467050     
  0.66966966966966968        300.00623607570765     
  0.67067067067067065        300.00600580866472     
  0.67167167167167163        300.00578376130426     
  0.67267267267267261        300.00556965100748     
  0.67367367367367370        300.00536320447310     
  0.67467467467467468        300.00516415742391     
  0.67567567567567566        300.00497225432315     
  0.67667667667667664        300.00478724809903     
  0.67767767767767773        300.00460889987659     
  0.67867867867867870        300.00443697871918     
  0.67967967967967968        300.00427126137618     
  0.68068068068068066        300.00411153203930     
  0.68168168168168164        300.00395758210561     
  0.68268268268268273        300.00380920994792     
  0.68368368368368371        300.00366622069231     
  0.68468468468468469        300.00352842600211     
  0.68568568568568566        300.00339564386837     
  0.68668668668668664        300.00326769840689     
  0.68768768768768773        300.00314441966140     
  0.68868868868868871        300.00302564341268     
  0.68968968968968969        300.00291121099337     
  0.69069069069069067        300.00280096910899     
  0.69169169169169165        300.00269476966349     
  0.69269269269269274        300.00259246959126     
  0.69369369369369371        300.00249393069333     
  0.69469469469469469        300.00239901947953     
  0.69569569569569567        300.00230760701459     
  0.69669669669669665        300.00221956876982     
  0.69769769769769774        300.00213478447876     
  0.69869869869869872        300.00205313799785     
  0.69969969969969970        300.00197451717105     
  0.70070070070070067        300.00189881369892     
  0.70170170170170165        300.00182592301144     
  0.70270270270270274        300.00175574414544     
  0.70370370370370372        300.00168817962503     
  0.70470470470470470        300.00162313534662     
  0.70570570570570568        300.00156052046708     
  0.70670670670670666        300.00150024729538     
  0.70770770770770774        300.00144223118798     
  0.70870870870870872        300.00138639044735     
  0.70970970970970970        300.00133264622360     
  0.71071071071071068        300.00128092241931     
  0.71171171171171166        300.00123114559767     
  0.71271271271271275        300.00118324489313     
  0.71371371371371373        300.00113715192504     
  0.71471471471471471        300.00109280071410     
  0.71571571571571568        300.00105012760162     
  0.71671671671671666        300.00100907117110     
  0.71771771771771775        300.00096957217255     
  0.71871871871871873        300.00093157344907     
  0.71971971971971971        300.00089501986588     
  0.72072072072072069        300.00085985824177     
  0.72172172172172167        300.00082603728271     
  0.72272272272272275        300.00079350751719     
  0.72372372372372373        300.00076222123454     
  0.72472472472472471        300.00073213242445     
  0.72572572572572569        300.00070319671880     
  0.72672672672672667        300.00067537133549     
  0.72772772772772776        300.00064861502386     
  0.72872872872872874        300.00062288801200     
  0.72972972972972971        300.00059815195596     
  0.73073073073073069        300.00057436989022     
  0.73173173173173167        300.00055150618044     
  0.73273273273273276        300.00052952647712     
  0.73373373373373374        300.00050839767101     
  0.73473473473473472        300.00048808785027     
  0.73573573573573570        300.00046856625863     
  0.73673673673673679        300.00044980325538     
  0.73773773773773776        300.00043177027618     
  0.73873873873873874        300.00041443979569     
  0.73973973973973972        300.00039778529100     
  0.74074074074074070        300.00038178120667     
  0.74174174174174179        300.00036640292080     
  0.74274274274274277        300.00035162671207     
  0.74374374374374375        300.00033742972789     
  0.74474474474474472        300.00032378995434     
  0.74574574574574570        300.00031068618603     
  0.74674674674674679        300.00029809799742     
  0.74774774774774777        300.00028600571579     
  0.74874874874874875        300.00027439039388     
  0.74974974974974973        300.00026323378472     
  0.75075075075075071        300.00025251831607     
  0.75175175175175180        300.00024222706679     
  0.75275275275275277        300.00023234374351     
  0.75375375375375375        300.00022285265828     
  0.75475475475475473        300.00021373870669     
  0.75575575575575571        300.00020498734693     
  0.75675675675675680        300.00019658457990     
  0.75775775775775778        300.00018851692937     
  0.75875875875875876        300.00018077142340     
  0.75975975975975973        300.00017333557577     
  0.76076076076076071        300.00016619736891     
  0.76176176176176180        300.00015934523663     
  0.76276276276276278        300.00015276804783     
  0.76376376376376376        300.00014645509071     
  0.76476476476476474        300.00014039605770     
  0.76576576576576572        300.00013458103041     
  0.76676676676676681        300.00012900046556     
  0.76776776776776778        300.00012364518147     
  0.76876876876876876        300.00011850634479     
  0.76976976976976974        300.00011357545748     
  0.77077077077077072        300.00010884434505     
  0.77177177177177181        300.00010430514396     
  0.77277277277277279        300.00009995029075     
  0.77377377377377377        300.00009577251075     
  0.77477477477477474        300.00009176480751     
  0.77577577577577572        300.00008792045259     
  0.77677677677677681        300.00008423297521     
  0.77777777777777779        300.00008069615347     
  0.77877877877877877        300.00007730400449     
  0.77977977977977975        300.00007405077571     
  0.78078078078078073        300.00007093093643     
  0.78178178178178181        300.00006793916924     
  0.78278278278278279        300.00006507036261     
  0.78378378378378377        300.00006231960259     
  0.78478478478478475        300.00005968216578     
  0.78578578578578573        300.00005715351210     
  0.78678678678678682        300.00005472927796     
  0.78778778778778780        300.00005240526946     
  0.78878878878878878        300.00005017745639     
  0.78978978978978975        300.00004804196533     
  0.79079079079079073        300.00004599507452     
  0.79179179179179182        300.00004403320781     
  0.79279279279279280        300.00004215292904     
  0.79379379379379378        300.00004035093673     
  0.79479479479479476        300.00003862405924     
  0.79579579579579574        300.00003696924972     
  0.79679679679679682        300.00003538358106     
  0.79779779779779780        300.00003386424174     
  0.79879879879879878        300.00003240853118     
  0.79979979979979976        300.00003101385556     
  0.80080080080080074        300.00002967772383     
  0.80180180180180183        300.00002839774362     
  0.80280280280280281        300.00002717161743     
  0.80380380380380378        300.00002599713923     
  0.80480480480480476        300.00002487219075     
  0.80580580580580585        300.00002379473790     
  0.80680680680680683        300.00002276282800     
  0.80780780780780781        300.00002177458640     
  0.80880880880880879        300.00002082821311     
  0.80980980980980977        300.00001992198048     
  0.81081081081081086        300.00001905423011     
  0.81181181181181183        300.00001822337020     
  0.81281281281281281        300.00001742787282     
  0.81381381381381379        300.00001666627179     
  0.81481481481481477        300.00001593715984     
  0.81581581581581586        300.00001523918655     
  0.81681681681681684        300.00001457105611     
  0.81781781781781782        300.00001393152502     
  0.81881881881881879        300.00001331940035     
  0.81981981981981977        300.00001273353735     
  0.82082082082082086        300.00001217283801     
  0.82182182182182184        300.00001163624881     
  0.82282282282282282        300.00001112275913     
  0.82382382382382380        300.00001063139956     
  0.82482482482482478        300.00001016124025     
  0.82582582582582587        300.00000971138951     
  0.82682682682682684        300.00000928099200     
  0.82782782782782782        300.00000886922749     
  0.82882882882882880        300.00000847530936     
  0.82982982982982978        300.00000809848325     
  0.83083083083083087        300.00000773802594     
  0.83183183183183185        300.00000739324406     
  0.83283283283283283        300.00000706347271     
  0.83383383383383380        300.00000674807427     
  0.83483483483483478        300.00000644643785     
  0.83583583583583587        300.00000615797757     
  0.83683683683683685        300.00000588213197     
  0.83783783783783783        300.00000561836282     
  0.83883883883883881        300.00000536615431     
  0.83983983983983979        300.00000512501214     
  0.84084084084084088        300.00000489446228     
  0.84184184184184185        300.00000467405084     
  0.84284284284284283        300.00000446334269     
  0.84384384384384381        300.00000426192088     
  0.84484484484484479        300.00000406938602     
  0.84584584584584588        300.00000388535523     
  0.84684684684684686        300.00000370946202     
  0.84784784784784784        300.00000354135511     
  0.84884884884884881        300.00000338069805     
  0.84984984984984979        300.00000322716858     
  0.85085085085085088        300.00000308045787     
  0.85185185185185186        300.00000294027018     
  0.85285285285285284        300.00000280632241     
  0.85385385385385382        300.00000267834332     
  0.85485485485485480        300.00000255607313     
  0.85585585585585588        300.00000243926314     
  0.85685685685685686        300.00000232767525     
  0.85785785785785784        300.00000222108139     
  0.85885885885885882        300.00000211926329     
  0.85985985985985980        300.00000202201181     
  0.86086086086086089        300.00000192912700     
  0.86186186186186187        300.00000184041727     
  0.86286286286286284        300.00000175569915     
  0.86386386386386382        300.00000167479755     
  0.86486486486486491        300.00000159754433     
  0.86586586586586589        300.00000152377868     
  0.86686686686686687        300.00000145334678     
  0.86786786786786785        300.00000138610142     
  0.86886886886886883        300.00000132190161     
  0.86986986986986992        300.00000126061263     
  0.87087087087087089        300.00000120210547     
  0.87187187187187187        300.00000114625664     
  0.87287287287287285        300.00000109294820     
  0.87387387387387383        300.00000104206714     
  0.87487487487487492        300.00000099350541     
  0.87587587587587590        300.00000094715966     
  0.87687687687687688        300.00000090293099     
  0.87787787787787785        300.00000086072487     
  0.87887887887887883        300.00000082045079     
  0.87987987987987992        300.00000078202243     
  0.88088088088088090        300.00000074535706     
  0.88188188188188188        300.00000071037550     
  0.88288288288288286        300.00000067700222     
  0.88388388388388384        300.00000064516485     
  0.88488488488488493        300.00000061479420     
  0.88588588588588590        300.00000058582424     
  0.88688688688688688        300.00000055819180     
  0.88788788788788786        300.00000053183646     
  0.88888888888888884        300.00000050670047     
  0.88988988988988993        300.00000048272869     
  0.89089089089089091        300.00000045986832     
  0.89189189189189189        300.00000043806898     
  0.89289289289289286        300.00000041728248     
  0.89389389389389384        300.00000039746271     
  0.89489489489489493        300.00000037856580     
  0.89589589589589591        300.00000036054962     
  0.89689689689689689        300.00000034337398     
  0.89789789789789787        300.00000032700058     
  0.89889889889889885        300.00000031139268     
  0.89989989989989994        300.00000029651534     
  0.90090090090090091        300.00000028233501     
  0.90190190190190189        300.00000026881975     
  0.90290290290290287        300.00000025593903     
  0.90390390390390385        300.00000024366364     
  0.90490490490490494        300.00000023196577     
  0.90590590590590592        300.00000022081889     
  0.90690690690690690        300.00000021019753     
  0.90790790790790787        300.00000020007752     
  0.90890890890890885        300.00000019043551     
  0.90990990990990994        300.00000018124956     
  0.91091091091091092        300.00000017249846     
  0.91191191191191190        300.00000016416203     
  0.91291291291291288        300.00000015622118     
  0.91391391391391386        300.00000014865742     
  0.91491491491491495        300.00000014145331     
  0.91591591591591592        300.00000013459186     
  0.91691691691691690        300.00000012805737     
  0.91791791791791788        300.00000012183443     
  0.91891891891891886        300.00000011590862     
  0.91991991991991995        300.00000011026600     
  0.92092092092092093        300.00000010489339     
  0.92192192192192191        300.00000009977794     
  0.92292292292292288        300.00000009490776     
  0.92392392392392386        300.00000009027121     
  0.92492492492492495        300.00000008585744     
  0.92592592592592593        300.00000008165597     
  0.92692692692692691        300.00000007765669     
  0.92792792792792789        300.00000007385012     
  0.92892892892892887        300.00000007022737     
  0.92992992992992995        300.00000006677936     
  0.93093093093093093        300.00000006349825     
  0.93193193193193191        300.00000006037601     
  0.93293293293293289        300.00000005740497     
  0.93393393393393398        300.00000005457804     
  0.93493493493493496        300.00000005188855     
  0.93593593593593594        300.00000004932997     
  0.93693693693693691        300.00000004689593     
  0.93793793793793789        300.00000004458047     
  0.93893893893893898        300.00000004237825     
  0.93993993993993996        300.00000004028351     
  0.94094094094094094        300.00000003829138     
  0.94194194194194192        300.00000003639690     
  0.94294294294294290        300.00000003459553     
  0.94394394394394399        300.00000003288267     
  0.94494494494494496        300.00000003125433     
  0.94594594594594594        300.00000002970603     
  0.94694694694694692        300.00000002823441     
  0.94794794794794790        300.00000002683561     
  0.94894894894894899        300.00000002550632     
  0.94994994994994997        300.00000002424292     
  0.95095095095095095        300.00000002304250     
  0.95195195195195192        300.00000002190188     
  0.95295295295295290        300.00000002081845     
  0.95395395395395399        300.00000001978907     
  0.95495495495495497        300.00000001881153     
  0.95595595595595595        300.00000001788334     
  0.95695695695695693        300.00000001700187     
  0.95795795795795791        300.00000001616513     
  0.95895895895895900        300.00000001537120     
  0.95995995995995997        300.00000001461746     
  0.96096096096096095        300.00000001390248     
  0.96196196196196193        300.00000001322445     
  0.96296296296296291        300.00000001258138     
  0.96396396396396400        300.00000001197191     
  0.96496496496496498        300.00000001139421     
  0.96596596596596596        300.00000001084686     
  0.96696696696696693        300.00000001032862     
  0.96796796796796791        300.00000000983800     
  0.96896896896896900        300.00000000937382     
  0.96996996996996998        300.00000000893482     
  0.97097097097097096        300.00000000851975     
  0.97197197197197194        300.00000000812781     
  0.97297297297297292        300.00000000775776     
  0.97397397397397401        300.00000000740891     
  0.97497497497497498        300.00000000708008     
  0.97597597597597596        300.00000000677051     
  0.97697697697697694        300.00000000647952     
  0.97797797797797792        300.00000000620628     
  0.97897897897897901        300.00000000594974     
  0.97997997997997999        300.00000000570924     
  0.98098098098098097        300.00000000548414     
  0.98198198198198194        300.00000000527433     
  0.98298298298298292        300.00000000507919     
  0.98398398398398401        300.00000000489808     
  0.98498498498498499        300.00000000473040     
  0.98598598598598597        300.00000000457607     
  0.98698698698698695        300.00000000443447     
  0.98798798798798793        300.00000000430498     
  0.98898898898898902        300.00000000418760     
  0.98998998998998999        300.00000000408170     
  0.99099099099099097        300.00000000398722     
  0.99199199199199195        300.00000000390395     
  0.99299299299299304        300.00000000383147     
  0.99399399399399402        300.00000000376974     
  0.99499499499499500        300.00000000371875     
  0.99599599599599598        300.00000000367805     
  0.99699699699699695        300.00000000364753     
  0.99799799799799804        300.00000000362718     
  0.99899899899899902        300.00000000361700     
   1.0000000000000000        300.00000000361700     
