   0.0000000000000000        3264.2789933156123     
   5.0000000000000001E-003   3172.8356580936866     
   1.4999999999999999E-002   2991.6278391145956     
   2.5000000000000001E-002   2813.0115065371201     
   3.5000000000000003E-002   2637.8596586633780     
   4.4999999999999998E-002   2466.9928809958938     
   5.5000000000000000E-002   2301.1678915766433     
   6.5000000000000002E-002   2141.0676721564068     
   7.4999999999999997E-002   1987.2933944205083     
   8.5000000000000006E-002   1840.3582894016902     
   9.5000000000000001E-002   1700.6835437905074     
  0.10500000000000000        1568.5962418440647     
  0.11500000000000000        1444.3293086574154     
  0.12500000000000000        1328.0233521539026     
  0.13500000000000001        1219.7302494043229     
  0.14499999999999999        1119.4182795205902     
  0.15500000000000000        1026.9785716302574     
  0.16500000000000001        942.23261305520953     
  0.17500000000000002        864.94055000757476     
  0.18500000000000000        794.81001060496840     
  0.19500000000000001        731.50518708176196     
  0.20500000000000002        674.65592964991799     
  0.21500000000000000        623.86662717345621     
  0.22500000000000001        578.72467810430794     
  0.23500000000000001        538.80838732582902     
  0.24500000000000000        503.69415899970932     
  0.25500000000000000        472.96289062340452     
  0.26500000000000001        446.20550783594450     
  0.27500000000000002        423.02761181585385     
  0.28500000000000003        403.05324038891371     
  0.29499999999999998        385.92776945484712     
  0.30499999999999999        371.32000256060695     
  0.31500000000000000        358.92351315382035     
  0.32500000000000001        348.45731623097902     
  0.33500000000000002        339.66595393575835     
  0.34500000000000003        332.31908350748699     
  0.35499999999999998        326.21065629176189     
  0.36499999999999999        321.15777384717734     
  0.37500000000000000        316.99930209769559     
  0.38500000000000001        313.59431757970373     
  0.39500000000000002        310.82045168440044     
  0.40500000000000003        308.57218992292377     
  0.41500000000000004        306.75917410473153     
  0.42499999999999999        305.30454630826483     
  0.43500000000000000        304.14336494847947     
  0.44500000000000001        303.22111534317730     
  0.45500000000000002        302.49233011018538     
  0.46500000000000002        301.91932858535250     
  0.47500000000000003        301.47107927409309     
  0.48499999999999999        301.12218512671183     
  0.49500000000000000        300.85198811241099     
  0.50500000000000000        300.64378708421106     
  0.51500000000000001        300.48416118450683     
  0.52500000000000002        300.36238993649130     
  0.53500000000000003        300.26996059501136     
  0.54500000000000004        300.20015318902870     
  0.55500000000000005        300.14769388057329     
  0.56500000000000006        300.10846770515667     
  0.57500000000000007        300.07928237023680     
  0.58499999999999996        300.05767550735089     
  0.59499999999999997        300.04175854753441     
  0.60499999999999998        300.03009117716419     
  0.61499999999999999        300.02158110111998     
  0.62500000000000000        300.01540456962351     
  0.63500000000000001        300.01094379939951     
  0.64500000000000002        300.00773803008389     
  0.65500000000000003        300.00544549922557     
  0.66500000000000004        300.00381409364337     
  0.67500000000000004        300.00265884387670     
  0.68500000000000005        300.00184477636623     
  0.69500000000000006        300.00127393035166     
  0.70499999999999996        300.00087558935229     
  0.71499999999999997        300.00059897670866     
  0.72499999999999998        300.00040782703428     
  0.73499999999999999        300.00027637624919     
  0.74500000000000000        300.00018641727820     
  0.75500000000000000        300.00012515105840     
  0.76500000000000001        300.00008362729903     
  0.77500000000000002        300.00005561976303     
  0.78500000000000003        300.00003681969122     
  0.79500000000000004        300.00002426071541     
  0.80500000000000005        300.00001591116921     
  0.81500000000000006        300.00001038671689     
  0.82500000000000007        300.00000674893204     
  0.83499999999999996        300.00000436491064     
  0.84499999999999997        300.00000280997466     
  0.85499999999999998        300.00000180061079     
  0.86499999999999999        300.00000114850269     
  0.87500000000000000        300.00000072919602     
  0.88500000000000001        300.00000046085472     
  0.89500000000000002        300.00000028993725     
  0.90500000000000003        300.00000018158738     
  0.91500000000000004        300.00000011322800     
  0.92500000000000004        300.00000007030775     
  0.93500000000000005        300.00000004349619     
  0.94500000000000006        300.00000002684294     
  0.95500000000000007        300.00000001657526     
  0.96499999999999997        300.00000001032146     
  0.97499999999999998        300.00000000660623     
  0.98499999999999999        300.00000000453963     
  0.99500000000000000        300.00000000361979     
   1.0000000000000000        300.00000000361979     
